b 6
pos 0.0 0.0 0.0
rot 0.0 0.0 -30.0
sca 1.0 1.0 1.0
fra 1

pos 0.0 0.0 0.0
rot 0.0 0.0 -22.5
sca 1.0 1.0 1.0
fra 2

pos 0.0 0.0 0.0
rot 0.0 0.0 -15.0
sca 1.0 1.0 1.0
fra 3

pos 0.0 0.0 0.0
rot 0.0 0.0 -7.5
sca 1.0 1.0 1.0
fra 4

pos 0.0 0.0 0.0
rot 0.0 0.0 0.0
sca 1.0 1.0 1.0
fra 5

pos 0.0 0.0 0.0
rot 0.0 0.0 7.5
sca 1.0 1.0 1.0
fra 6

pos 0.0 0.0 0.0
rot 0.0 0.0 15.0
sca 1.0 1.0 1.0
fra 7

pos 0.0 0.0 0.0
rot 0.0 0.0 22.5
sca 1.0 1.0 1.0
fra 8

pos 0.0 0.0 0.0
rot 0.0 0.0 27.0
sca 1.0 1.0 1.0
fra 9

pos 0.0 0.0 0.0
rot 0.0 0.0 33.0
sca 1.0 1.0 1.0
fra 10

b 8
pos 0.0 0.0 0.0
rot 0.0 0.0 30.0
sca 1.0 1.0 1.0
fra 1

pos 0.0 0.0 0.0
rot 0.0 0.0 22.5
sca 1.0 1.0 1.0
fra 2

pos 0.0 0.0 0.0
rot 0.0 0.0 15.0
sca 1.0 1.0 1.0
fra 3

pos 0.0 0.0 0.0
rot 0.0 0.0 7.5
sca 1.0 1.0 1.0
fra 4

pos 0.0 0.0 0.0
rot 0.0 0.0 0.0
sca 1.0 1.0 1.0
fra 5

pos 0.0 0.0 0.0
rot 0.0 0.0 -7.5
sca 1.0 1.0 1.0
fra 6

pos 0.0 0.0 0.0
rot 0.0 0.0 -15.0
sca 1.0 1.0 1.0
fra 7

pos 0.0 0.0 0.0
rot 0.0 0.0 -22.5
sca 1.0 1.0 1.0
fra 8

pos 0.0 0.0 0.0
rot 0.0 0.0 -27.0
sca 1.0 1.0 1.0
fra 9

pos 0.0 0.0 0.0
rot 0.0 0.0 -33.0
sca 1.0 1.0 1.0
fra 10

b 7
pos 0.0 0.0 0.0
rot 0.0 0.0 0.0
sca 1.0 1.0 1.0
fra 1

pos 0.0 0.0 0.0
rot 0.0 0.0 4.0
sca 1.0 1.0 1.0
fra 2

pos 0.0 0.0 0.0
rot 0.0 0.0 8.0
sca 1.0 1.0 1.0
fra 3

pos 0.0 0.0 0.0
rot 0.0 0.0 12.0
sca 1.0 1.0 1.0
fra 4

pos 0.0 0.0 0.0
rot 0.0 0.0 16.0
sca 1.0 1.0 1.0
fra 5

pos 0.0 0.0 0.0
rot 0.0 0.0 20.0
sca 1.0 1.0 1.0
fra 6

pos 0.0 0.0 0.0
rot 0.0 0.0 24.0
sca 1.0 1.0 1.0
fra 7

pos 0.0 0.0 0.0
rot 0.0 0.0 28.0
sca 1.0 1.0 1.0
fra 8

pos 0.0 0.0 0.0
rot 0.0 0.0 32.0
sca 1.0 1.0 1.0
fra 9

pos 0.0 0.0 0.0
rot 0.0 0.0 36.0
sca 1.0 1.0 1.0
fra 10

b 9
pos 0.0 0.0 0.0
rot 0.0 0.0 40.0
sca 1.0 1.0 1.0
fra 1

pos 0.0 0.0 0.0
rot 0.0 0.0 36.0
sca 1.0 1.0 1.0
fra 2

pos 0.0 0.0 0.0
rot 0.0 0.0 32.0
sca 1.0 1.0 1.0
fra 3

pos 0.0 0.0 0.0
rot 0.0 0.0 28.0
sca 1.0 1.0 1.0
fra 4

pos 0.0 0.0 0.0
rot 0.0 0.0 24.0
sca 1.0 1.0 1.0
fra 5

pos 0.0 0.0 0.0
rot 0.0 0.0 20.0
sca 1.0 1.0 1.0
fra 6

pos 0.0 0.0 0.0
rot 0.0 0.0 16.0
sca 1.0 1.0 1.0
fra 7

pos 0.0 0.0 0.0
rot 0.0 0.0 8.0
sca 1.0 1.0 1.0
fra 8

pos 0.0 0.0 0.0
rot 0.0 0.0 4.0
sca 1.0 1.0 1.0
fra 9

pos 0.0 0.0 0.0
rot 0.0 0.0 0.0
sca 1.0 1.0 1.0
fra 10